Linux 6.8.0-136-generic (ward-xdp) 	07/27/26 	_x86_64_	(6 CPU)

01:19:36     CPU    %usr   %nice    %sys %iowait    %irq   %soft  %steal  %guest  %gnice   %idle
01:19:37     all    2.66    0.00    7.32    0.00    0.00    7.65    0.00    0.00    0.00   82.36
01:19:37       0    0.00    0.00    0.00    0.00    0.00    1.00    0.00    0.00    0.00   99.00
01:19:37       1   13.00    0.00   40.00    0.00    0.00   43.00    0.00    0.00    0.00    4.00
01:19:37       2    0.98    0.00    0.98    0.00    0.00    0.98    0.00    0.00    0.00   97.06
01:19:37       3    1.00    0.00    0.00    0.00    0.00    0.00    0.00    0.00    0.00   99.00
01:19:37       4    1.00    0.00    1.00    0.00    0.00    0.00    0.00    0.00    0.00   98.00
01:19:37       5    0.00    0.00    2.02    0.00    0.00    1.01    0.00    0.00    0.00   96.97

01:19:37     CPU    %usr   %nice    %sys %iowait    %irq   %soft  %steal  %guest  %gnice   %idle
01:19:38     all    1.67    0.00    7.01    0.00    0.00    8.18    0.00    0.00    0.00   83.14
01:19:38       0    0.00    0.00    0.00    0.00    0.00    0.99    0.00    0.00    0.00   99.01
01:19:38       1    0.00    0.00    1.00    0.00    0.00    0.00    0.00    0.00    0.00   99.00
01:19:38       2    0.00    0.00    0.00    0.00    0.00    0.00    0.00    0.00    0.00  100.00
01:19:38       3    6.06    0.00   22.22    0.00    0.00   27.27    0.00    0.00    0.00   44.44
01:19:38       4    0.00    0.00    0.00    0.00    0.00    0.00    0.00    0.00    0.00  100.00
01:19:38       5    4.00    0.00   19.00    0.00    0.00   21.00    0.00    0.00    0.00   56.00

01:19:38     CPU    %usr   %nice    %sys %iowait    %irq   %soft  %steal  %guest  %gnice   %idle
01:19:39     all    2.50    0.00    7.33    0.33    0.00    7.33    0.00    0.00    0.00   82.50
01:19:39       0    0.99    0.00    0.00    0.00    0.00    0.99    0.00    0.00    0.00   98.02
01:19:39       1    0.00    0.00    0.00    1.00    0.00    0.00    0.00    0.00    0.00   99.00
01:19:39       2    4.00    0.00   10.00    1.00    0.00   10.00    0.00    0.00    0.00   75.00
01:19:39       3   10.00    0.00   33.00    0.00    0.00   33.00    0.00    0.00    0.00   24.00
01:19:39       4    0.00    0.00    1.00    0.00    0.00    0.00    0.00    0.00    0.00   99.00
01:19:39       5    0.00    0.00    0.00    0.00    0.00    0.00    0.00    0.00    0.00  100.00

01:19:39     CPU    %usr   %nice    %sys %iowait    %irq   %soft  %steal  %guest  %gnice   %idle
01:19:40     all    3.65    0.00    8.80    0.00    0.00    8.31    0.00    0.00    0.00   79.24
01:19:40       0    3.96    0.00    9.90    0.00    0.00    5.94    0.00    0.00    0.00   80.20
01:19:40       1    0.99    0.00    0.99    0.00    0.00    2.97    0.00    0.00    0.00   95.05
01:19:40       2    7.07    0.00   20.20    0.00    0.00   20.20    0.00    0.00    0.00   52.53
01:19:40       3    6.93    0.00   19.80    0.00    0.00   20.79    0.00    0.00    0.00   52.48
01:19:40       4    1.00    0.00    0.00    0.00    0.00    0.00    0.00    0.00    0.00   99.00
01:19:40       5    2.00    0.00    2.00    0.00    0.00    0.00    0.00    0.00    0.00   96.00

01:19:40     CPU    %usr   %nice    %sys %iowait    %irq   %soft  %steal  %guest  %gnice   %idle
01:19:41     all    2.17    0.00    6.69    0.00    0.00    7.86    0.00    0.00    0.00   83.28
01:19:41       0    0.00    0.00    1.00    0.00    0.00    1.00    0.00    0.00    0.00   98.00
01:19:41       1    0.00    0.00    0.00    0.00    0.00    0.00    0.00    0.00    0.00  100.00
01:19:41       2    0.00    0.00    0.00    0.00    0.00    0.00    0.00    0.00    0.00  100.00
01:19:41       3   12.12    0.00   39.39    0.00    0.00   46.46    0.00    0.00    0.00    2.02
01:19:41       4    1.00    0.00    0.00    0.00    0.00    0.00    0.00    0.00    0.00   99.00
01:19:41       5    0.00    0.00    0.00    0.00    0.00    0.00    0.00    0.00    0.00  100.00

01:19:41     CPU    %usr   %nice    %sys %iowait    %irq   %soft  %steal  %guest  %gnice   %idle
01:19:42     all    1.84    0.00    7.19    0.00    0.00    8.03    0.00    0.00    0.00   82.94
01:19:42       0    0.00    0.00    0.00    0.00    0.00    0.00    0.00    0.00    0.00  100.00
01:19:42       1    0.00    0.00    0.00    0.00    0.00    0.00    0.00    0.00    0.00  100.00
01:19:42       2    0.00    0.00    0.99    0.00    0.00    0.00    0.00    0.00    0.00   99.01
01:19:42       3   11.00    0.00   42.00    0.00    0.00   47.00    0.00    0.00    0.00    0.00
01:19:42       4    0.00    0.00    0.00    0.00    0.00    0.00    0.00    0.00    0.00  100.00
01:19:42       5    0.00    0.00    0.00    0.00    0.00    1.00    0.00    0.00    0.00   99.00

01:19:42     CPU    %usr   %nice    %sys %iowait    %irq   %soft  %steal  %guest  %gnice   %idle
01:19:43     all    2.16    0.00    7.97    0.00    0.00    7.14    0.00    0.00    0.00   82.72
01:19:43       0    0.00    0.00    0.99    0.00    0.00    0.00    0.00    0.00    0.00   99.01
01:19:43       1    0.00    0.00    0.00    0.00    0.00    1.00    0.00    0.00    0.00   99.00
01:19:43       2    1.00    0.00    0.00    0.00    0.00    0.00    0.00    0.00    0.00   99.00
01:19:43       3   12.00    0.00   46.00    0.00    0.00   42.00    0.00    0.00    0.00    0.00
01:19:43       4    0.00    0.00    0.99    0.00    0.00    0.00    0.00    0.00    0.00   99.01
01:19:43       5    0.00    0.00    0.00    0.00    0.00    0.00    0.00    0.00    0.00  100.00

01:19:43     CPU    %usr   %nice    %sys %iowait    %irq   %soft  %steal  %guest  %gnice   %idle
01:19:44     all    2.68    0.00    6.86    3.01    0.00    7.69    0.00    0.00    0.00   79.77
01:19:44       0    0.00    0.00    0.00    0.00    0.00    1.00    0.00    0.00    0.00   99.00
01:19:44       1    1.00    0.00    0.00    0.00    0.00    0.00    0.00    0.00    0.00   99.00
01:19:44       2    0.00    0.00    0.00    0.00    0.00    0.00    0.00    0.00    0.00  100.00
01:19:44       3   14.00    0.00   41.00    0.00    0.00   45.00    0.00    0.00    0.00    0.00
01:19:44       4    0.00    0.00    0.00   18.37    0.00    0.00    0.00    0.00    0.00   81.63
01:19:44       5    0.99    0.00    0.00    0.00    0.00    0.00    0.00    0.00    0.00   99.01

01:19:44     CPU    %usr   %nice    %sys %iowait    %irq   %soft  %steal  %guest  %gnice   %idle
01:19:45     all    2.18    0.00    7.21    0.00    0.00    7.38    0.00    0.00    0.00   83.22
01:19:45       0    0.00    0.00    0.00    0.00    0.00    0.00    0.00    0.00    0.00  100.00
01:19:45       1    0.00    0.00    0.00    0.00    0.00    0.00    0.00    0.00    0.00  100.00
01:19:45       2    0.00    0.00    0.00    0.00    0.00    0.00    0.00    0.00    0.00  100.00
01:19:45       3   13.00    0.00   43.00    0.00    0.00   44.00    0.00    0.00    0.00    0.00
01:19:45       4    0.00    0.00    0.00    0.00    0.00    0.00    0.00    0.00    0.00  100.00
01:19:45       5    0.00    0.00    0.00    0.00    0.00    0.00    0.00    0.00    0.00  100.00

01:19:45     CPU    %usr   %nice    %sys %iowait    %irq   %soft  %steal  %guest  %gnice   %idle
01:19:46     all    5.00    0.00    7.00    0.00    0.00    8.00    0.00    0.00    0.00   80.00
01:19:46       0    3.96    0.00    0.00    0.00    0.00    0.99    0.00    0.00    0.00   95.05
01:19:46       1    4.04    0.00    1.01    0.00    0.00    0.00    0.00    0.00    0.00   94.95
01:19:46       2    3.00    0.00    0.00    0.00    0.00    1.00    0.00    0.00    0.00   96.00
01:19:46       3   13.13    0.00   40.40    0.00    0.00   45.45    0.00    0.00    0.00    1.01
01:19:46       4    2.97    0.00    0.00    0.00    0.00    0.99    0.00    0.00    0.00   96.04
01:19:46       5    3.00    0.00    1.00    0.00    0.00    0.00    0.00    0.00    0.00   96.00

01:19:46     CPU    %usr   %nice    %sys %iowait    %irq   %soft  %steal  %guest  %gnice   %idle
01:19:47     all    1.00    0.00    0.33    0.00    0.00    0.17    0.00    0.00    0.00   98.50
01:19:47       0    2.00    0.00    0.00    0.00    0.00    0.00    0.00    0.00    0.00   98.00
01:19:47       1    1.00    0.00    0.00    0.00    0.00    0.00    0.00    0.00    0.00   99.00
01:19:47       2    0.99    0.00    0.99    0.00    0.00    0.00    0.00    0.00    0.00   98.02
01:19:47       3    0.00    0.00    0.99    0.00    0.00    0.99    0.00    0.00    0.00   98.02
01:19:47       4    1.01    0.00    0.00    0.00    0.00    0.00    0.00    0.00    0.00   98.99
01:19:47       5    1.00    0.00    0.00    0.00    0.00    0.00    0.00    0.00    0.00   99.00

01:19:47     CPU    %usr   %nice    %sys %iowait    %irq   %soft  %steal  %guest  %gnice   %idle
01:19:48     all    0.17    0.00    0.50    0.00    0.00    0.17    0.00    0.00    0.00   99.17
01:19:48       0    0.00    0.00    1.01    0.00    0.00    0.00    0.00    0.00    0.00   98.99
01:19:48       1    0.00    0.00    0.99    0.00    0.00    0.99    0.00    0.00    0.00   98.02
01:19:48       2    0.00    0.00    0.00    0.00    0.00    0.00    0.00    0.00    0.00  100.00
01:19:48       3    0.00    0.00    0.00    0.00    0.00    0.00    0.00    0.00    0.00  100.00
01:19:48       4    0.99    0.00    0.99    0.00    0.00    0.00    0.00    0.00    0.00   98.02
01:19:48       5    0.00    0.00    0.00    0.00    0.00    0.00    0.00    0.00    0.00  100.00

Average:     CPU    %usr   %nice    %sys %iowait    %irq   %soft  %steal  %guest  %gnice   %idle
Average:     all    2.31    0.00    6.18    0.28    0.00    6.49    0.00    0.00    0.00   84.74
Average:       0    0.91    0.00    1.08    0.00    0.00    1.00    0.00    0.00    0.00   97.01
Average:       1    1.67    0.00    3.68    0.08    0.00    4.01    0.00    0.00    0.00   90.56
Average:       2    1.42    0.00    2.75    0.08    0.00    2.66    0.00    0.00    0.00   93.09
Average:       3    8.26    0.00   27.27    0.00    0.00   29.27    0.00    0.00    0.00   35.20
Average:       4    0.67    0.00    0.33    1.50    0.00    0.08    0.00    0.00    0.00   97.41
Average:       5    0.92    0.00    2.01    0.00    0.00    1.92    0.00    0.00    0.00   95.15
