Linux 6.8.0-136-generic (ward-xdp) 	07/27/26 	_x86_64_	(6 CPU)

01:21:25     CPU    %usr   %nice    %sys %iowait    %irq   %soft  %steal  %guest  %gnice   %idle
01:21:26     all    3.48    0.00   10.28    0.00    0.00    3.65    0.00    0.00    0.00   82.59
01:21:26       0    0.98    0.00    0.98    0.00    0.00    0.98    0.00    0.00    0.00   97.06
01:21:26       1    0.98    0.00    0.00    0.00    0.00    0.98    0.00    0.00    0.00   98.04
01:21:26       2   17.82    0.00   60.40    0.00    0.00   19.80    0.00    0.00    0.00    1.98
01:21:26       3    1.00    0.00    0.00    0.00    0.00    0.00    0.00    0.00    0.00   99.00
01:21:26       4    0.00    0.00    0.00    0.00    0.00    0.00    0.00    0.00    0.00  100.00
01:21:26       5    0.00    0.00    0.00    0.00    0.00    0.00    0.00    0.00    0.00  100.00

01:21:26     CPU    %usr   %nice    %sys %iowait    %irq   %soft  %steal  %guest  %gnice   %idle
01:21:27     all    3.16    0.00   10.82    0.00    0.00    3.49    0.00    0.00    0.00   82.53
01:21:27       0    0.00    0.00    0.00    0.00    0.00    1.98    0.00    0.00    0.00   98.02
01:21:27       1    0.00    0.00    0.00    0.00    0.00    0.00    0.00    0.00    0.00  100.00
01:21:27       2   17.17    0.00   63.64    0.00    0.00   19.19    0.00    0.00    0.00    0.00
01:21:27       3    0.00    0.00    0.00    0.00    0.00    0.00    0.00    0.00    0.00  100.00
01:21:27       4    0.98    0.00    0.98    0.00    0.00    0.00    0.00    0.00    0.00   98.04
01:21:27       5    0.99    0.00    0.99    0.00    0.00    0.00    0.00    0.00    0.00   98.02

01:21:27     CPU    %usr   %nice    %sys %iowait    %irq   %soft  %steal  %guest  %gnice   %idle
01:21:28     all    3.18    0.00   10.54    0.00    0.00    3.34    0.00    0.00    0.00   82.94
01:21:28       0    0.00    0.00    0.00    0.00    0.00    0.00    0.00    0.00    0.00  100.00
01:21:28       1    0.00    0.00    1.00    0.00    0.00    0.00    0.00    0.00    0.00   99.00
01:21:28       2   19.00    0.00   61.00    0.00    0.00   20.00    0.00    0.00    0.00    0.00
01:21:28       3    0.00    0.00    0.00    0.00    0.00    0.00    0.00    0.00    0.00  100.00
01:21:28       4    0.00    0.00    0.00    0.00    0.00    0.00    0.00    0.00    0.00  100.00
01:21:28       5    0.00    0.00    1.00    0.00    0.00    0.00    0.00    0.00    0.00   99.00

01:21:28     CPU    %usr   %nice    %sys %iowait    %irq   %soft  %steal  %guest  %gnice   %idle
01:21:29     all    3.02    0.00   10.57    0.67    0.00    3.19    0.00    0.00    0.00   82.55
01:21:29       0    0.00    0.00    0.00    0.00    0.00    0.00    0.00    0.00    0.00  100.00
01:21:29       1    0.00    0.00    0.00    3.06    0.00    0.00    0.00    0.00    0.00   96.94
01:21:29       2   18.00    0.00   63.00    0.00    0.00   19.00    0.00    0.00    0.00    0.00
01:21:29       3    0.00    0.00    0.00    1.01    0.00    0.00    0.00    0.00    0.00   98.99
01:21:29       4    0.00    0.00    0.00    0.00    0.00    0.00    0.00    0.00    0.00  100.00
01:21:29       5    0.00    0.00    0.00    0.00    0.00    0.00    0.00    0.00    0.00  100.00

01:21:29     CPU    %usr   %nice    %sys %iowait    %irq   %soft  %steal  %guest  %gnice   %idle
01:21:30     all    3.00    0.00   10.67    0.00    0.00    3.33    0.00    0.00    0.00   83.00
01:21:30       0    0.00    0.00    0.00    0.00    0.00    1.00    0.00    0.00    0.00   99.00
01:21:30       1    0.00    0.00    0.00    0.00    0.00    0.00    0.00    0.00    0.00  100.00
01:21:30       2   17.82    0.00   63.37    0.00    0.00   18.81    0.00    0.00    0.00    0.00
01:21:30       3    0.00    0.00    0.00    0.00    0.00    0.00    0.00    0.00    0.00  100.00
01:21:30       4    0.00    0.00    0.00    0.00    0.00    0.00    0.00    0.00    0.00  100.00
01:21:30       5    0.00    0.00    0.00    0.00    0.00    0.00    0.00    0.00    0.00  100.00

01:21:30     CPU    %usr   %nice    %sys %iowait    %irq   %soft  %steal  %guest  %gnice   %idle
01:21:31     all    3.16    0.00   10.32    0.00    0.00    3.49    0.00    0.00    0.00   83.03
01:21:31       0    0.00    0.00    0.00    0.00    0.00    0.00    0.00    0.00    0.00  100.00
01:21:31       1    0.00    0.00    0.00    0.00    0.00    1.00    0.00    0.00    0.00   99.00
01:21:31       2   18.00    0.00   62.00    0.00    0.00   20.00    0.00    0.00    0.00    0.00
01:21:31       3    0.99    0.00    0.00    0.00    0.00    0.00    0.00    0.00    0.00   99.01
01:21:31       4    0.00    0.00    0.00    0.00    0.00    0.00    0.00    0.00    0.00  100.00
01:21:31       5    0.00    0.00    0.00    0.00    0.00    0.00    0.00    0.00    0.00  100.00

01:21:31     CPU    %usr   %nice    %sys %iowait    %irq   %soft  %steal  %guest  %gnice   %idle
01:21:32     all    3.16    0.00   10.65    0.00    0.00    3.16    0.00    0.00    0.00   83.03
01:21:32       0    0.00    0.00    0.00    0.00    0.00    0.99    0.00    0.00    0.00   99.01
01:21:32       1    0.00    0.00    0.00    0.00    0.00    0.00    0.00    0.00    0.00  100.00
01:21:32       2   18.18    0.00   64.65    0.00    0.00   17.17    0.00    0.00    0.00    0.00
01:21:32       3    0.00    0.00    0.00    0.00    0.00    0.00    0.00    0.00    0.00  100.00
01:21:32       4    0.00    0.00    0.00    0.00    0.00    0.99    0.00    0.00    0.00   99.01
01:21:32       5    0.99    0.00    0.00    0.00    0.00    0.00    0.00    0.00    0.00   99.01

01:21:32     CPU    %usr   %nice    %sys %iowait    %irq   %soft  %steal  %guest  %gnice   %idle
01:21:33     all    3.67    0.00   10.18    0.00    0.00    3.51    0.00    0.00    0.00   82.64
01:21:33       0    0.99    0.00    0.99    0.00    0.00    0.00    0.00    0.00    0.00   98.02
01:21:33       1    1.00    0.00    0.00    0.00    0.00    0.00    0.00    0.00    0.00   99.00
01:21:33       2   20.00    0.00   59.00    0.00    0.00   21.00    0.00    0.00    0.00    0.00
01:21:33       3    0.00    0.00    1.00    0.00    0.00    0.00    0.00    0.00    0.00   99.00
01:21:33       4    0.00    0.00    0.00    0.00    0.00    0.00    0.00    0.00    0.00  100.00
01:21:33       5    0.00    0.00    0.00    0.00    0.00    0.00    0.00    0.00    0.00  100.00

01:21:33     CPU    %usr   %nice    %sys %iowait    %irq   %soft  %steal  %guest  %gnice   %idle
01:21:34     all    3.01    0.00   10.85    0.00    0.00    3.51    0.00    0.00    0.00   82.64
01:21:34       0    0.00    0.00    0.00    0.00    0.00    1.00    0.00    0.00    0.00   99.00
01:21:34       1    0.00    0.00    1.01    0.00    0.00    0.00    0.00    0.00    0.00   98.99
01:21:34       2   18.00    0.00   63.00    0.00    0.00   19.00    0.00    0.00    0.00    0.00
01:21:34       3    0.00    0.00    0.00    0.00    0.00    0.00    0.00    0.00    0.00  100.00
01:21:34       4    0.00    0.00    0.00    0.00    0.00    0.00    0.00    0.00    0.00  100.00
01:21:34       5    0.00    0.00    0.99    0.00    0.00    0.99    0.00    0.00    0.00   98.02

01:21:34     CPU    %usr   %nice    %sys %iowait    %irq   %soft  %steal  %guest  %gnice   %idle
01:21:35     all    3.33    0.00   10.33    0.00    0.00    3.50    0.00    0.00    0.00   82.83
01:21:35       0    0.00    0.00    0.00    0.00    0.00    1.00    0.00    0.00    0.00   99.00
01:21:35       1    0.99    0.00    0.00    0.00    0.00    0.99    0.00    0.00    0.00   98.02
01:21:35       2   19.00    0.00   62.00    0.00    0.00   19.00    0.00    0.00    0.00    0.00
01:21:35       3    0.00    0.00    0.00    0.00    0.00    0.00    0.00    0.00    0.00  100.00
01:21:35       4    0.00    0.00    0.00    0.00    0.00    0.00    0.00    0.00    0.00  100.00
01:21:35       5    0.00    0.00    0.00    0.00    0.00    0.00    0.00    0.00    0.00  100.00

01:21:35     CPU    %usr   %nice    %sys %iowait    %irq   %soft  %steal  %guest  %gnice   %idle
01:21:36     all    0.67    0.00    0.50    0.67    0.00    0.00    0.00    0.00    0.00   98.17
01:21:36       0    0.99    0.00    0.99    0.00    0.00    0.00    0.00    0.00    0.00   98.02
01:21:36       1    0.00    0.00    0.00    0.00    0.00    0.00    0.00    0.00    0.00  100.00
01:21:36       2    0.00    0.00    1.00    4.00    0.00    0.00    0.00    0.00    0.00   95.00
01:21:36       3    1.00    0.00    0.00    0.00    0.00    0.00    0.00    0.00    0.00   99.00
01:21:36       4    0.99    0.00    0.99    0.00    0.00    0.00    0.00    0.00    0.00   98.02
01:21:36       5    1.00    0.00    0.00    0.00    0.00    0.00    0.00    0.00    0.00   99.00

01:21:36     CPU    %usr   %nice    %sys %iowait    %irq   %soft  %steal  %guest  %gnice   %idle
01:21:37     all    0.17    0.00    0.50    0.67    0.00    0.00    0.00    0.00    0.00   98.66
01:21:37       0    0.00    0.00    1.00    0.00    0.00    0.00    0.00    0.00    0.00   99.00
01:21:37       1    0.00    0.00    0.00    0.00    0.00    0.00    0.00    0.00    0.00  100.00
01:21:37       2    1.00    0.00    0.00    0.00    0.00    0.00    0.00    0.00    0.00   99.00
01:21:37       3    0.00    0.00    0.99    3.96    0.00    0.00    0.00    0.00    0.00   95.05
01:21:37       4    0.00    0.00    0.00    0.00    0.00    0.00    0.00    0.00    0.00  100.00
01:21:37       5    0.00    0.00    1.00    0.00    0.00    0.00    0.00    0.00    0.00   99.00

Average:     CPU    %usr   %nice    %sys %iowait    %irq   %soft  %steal  %guest  %gnice   %idle
Average:     all    2.75    0.00    8.85    0.17    0.00    2.85    0.00    0.00    0.00   85.38
Average:       0    0.25    0.00    0.33    0.00    0.00    0.58    0.00    0.00    0.00   98.84
Average:       1    0.25    0.00    0.17    0.25    0.00    0.25    0.00    0.00    0.00   99.08
Average:       2   15.33    0.00   51.92    0.33    0.00   16.08    0.00    0.00    0.00   16.33
Average:       3    0.25    0.00    0.17    0.42    0.00    0.00    0.00    0.00    0.00   99.16
Average:       4    0.17    0.00    0.17    0.00    0.00    0.08    0.00    0.00    0.00   99.58
Average:       5    0.25    0.00    0.33    0.00    0.00    0.08    0.00    0.00    0.00   99.33
